311 500
311 500
311 500
311 500
311 500
311 500
311 500
311 500
311 500
310 500
311 500
311 500
311 500
311 500
311 500
311 500
311 500
311 500
311 500
311 500
311 500
311 500
311 500
311 500
311 500
311 500
311 500
311 500
311 500
311 500
311 500
311 500
311 500
311 500
311 500
311 500
311 500
311 500
311 500
311 500
311 500
311 500
311 500
311 500
311 500
311 500
311 500
311 500
311 500
311 500
311 500
311 500
311 500
311 500
311 500
311 500
311 500
311 500
311 500
311 500
311 500
311 500
311 500
311 500
311 500
311 500
311 500
311 500
311 500
311 500
311 500
311 500
311 500
311 500
311 500
311 500
311 500
311 500
311 500
311 500
311 500
311 500
311 500
311 500
311 500
311 500
311 500
312 500
311 500
311 500
311 500
311 500
311 500
311 500
311 500
311 500
311 500
311 500
311 500
311 500
311 500
311 500
311 500
311 500
311 500
311 500
311 500
311 500
