1830 100
1830 100
1830 100
1830 100
1830 100
1830 100
1830 100
1831 100
1873 100
2040 100
2125 100
2114 100
2114 100
2107 100
2108 100
2108 100
2107 100
2107 100
2100 100
2083 100
2068 100
2079 100
2079 100
2079 100
2081 100
2081 100
2081 100
2081 100
2099 100
2115 100
2098 100
2108 100
2106 100
2106 100
2102 100
2101 100
2098 100
2098 100
2098 100
2098 100
2098 100
2097 100
2096 100
2068 100
2024 100
1936 100
1865 100
1863 100
1863 100
1863 100
1863 100
1862 100
1861 100
1870 100
1948 100
2150 100
2220 100
2224 100
2224 100
2225 100
2225 100
2225 100
2225 100
2224 100
2224 100
2180 100
2069 100
2072 100
2068 100
2069 100
2071 100
2073 100
2072 100
2069 100
2068 100
2068 100
2068 100
2068 100
2067 100
2048 100
1949 100
1919 100
1928 100
2017 100
2115 100
2119 100
2114 100
2116 100
2117 100
2127 100
2177 100
2161 100
2083 100
2098 100
2060 100
2000 100
1884 100
1832 100
1831 100
1831 100
1831 100
1831 100
1831 100
1831 100
1831 100
1831 100
1831 100
1831 100
