3879 200
3873 200
3867 200
3864 200
3862 200
3862 200
3837 200
3832 200
3826 200
3833 200
3889 200
3912 200
3916 200
3920 200
3923 200
3927 200
3927 200
3929 200
3921 200
3823 200
3521 200
3403 200
3428 200
3429 200
3430 200
3432 200
3432 200
3433 200
3535 200
3984 200
148 200
178 200
242 200
282 200
292 200
293 200
293 200
292 200
293 200
293 200
293 200
292 200
290 200
283 200
286 200
296 200
302 200
305 200
307 200
310 200
310 200
311 200
314 200
316 200
232 200
3872 200
3546 200
3538 200
3536 200
3534 200
3535 200
3535 200
3535 200
3537 200
3545 200
3667 200
3818 200
3833 200
3836 200
3835 200
3836 200
3837 200
3849 200
3860 200
3868 200
3866 200
3856 200
3849 200
3819 200
3695 200
3582 200
3549 200
3559 200
3620 200
3772 200
3785 200
3789 200
3795 200
3799 200
3872 200
4001 200
3985 200
3716 200
3509 200
3738 200
3755 200
3747 200
3747 200
3746 200
3745 200
3745 200
3745 200
3745 200
3745 200
3745 200
3744 200
3744 200
3744 200
