0
0
0
0
0
0
0
0
0
0
0
0
0
0
0
0
0
0
0
0
0
0
0
0
0
0
0
0
0
0
0
0
0
0
0
0
0
0
0
0
0
0
0
0
0
0
0
0
0
0
0
0
0
0
0
0
0
0
0
0
0
0
0
0
0
0
0
0
0
0
0
0
0
0
0
0
0
0
0
0
0
0
0
0
0
0
0
0
0
0
0
0
0
0
0
0
0
0
0
0
0
0
0
0
6
137
83323
424121
591644
2242598
1895826
3803178
7802293
3014043
7179526
19394752
110648848
146089785
7103341434
9325744439
7915074998
8920419353
10335877069
7365817764
13972955174
9527814111
12798984641
3802247920
11373770950
9881349280
5443817655
11410353458
3127306426
7322206938
8613840097
3912626313
6773870263
4384868863
2842720931
7496238459
2166556270
3514529203
7004411801
1205196727
2922605925
5851394847
1773701363
5324960724
1679250880
3041161038
5740924276
4566062402
598763516
668906602
962919308
1818144281
608371370
340765452
576553138
928794483
1243697266
1075323590
681607952
630344174
851601440
914199515
500514213
841891748
1081776284
1642508014
875330390
1170107939
1530006626
1059122634
349787342
286886076
283277882
808318963
598197685
171433732
924287183
6439217001
9809896669
3256308673
6916540983
1847896797
4932618887
6643322030
3081830143
5228387423
1988011611
4019798429
1832667954
2182723946
3676093894
523013901
1614522132
3210964408
585849921
1129144193
2552604350
601298589
2904541907
1360121859
975592039
3550879357
582826184
1420843845
3543008810
552737502
1398608374
3663598677
520679089
1442723574
4059890701
1051757982
2230444000
2688269599
867168171
4164940165
990237735
1390287742
3266482419
680527914
1283594765
3480801827
517995912
1065885711
3862437317
667925566
969576003
2179023928
1003484811
2993457655
733085885
348093148
362551759
157419696
20619566
59776674
60158661
38072130
50451763
20660256
46713893
80902434
90235081
42082571
132553196
314496190
1048235293
980000452
559840510
102508723
91648380
60466276
88009019
10460205
17357462
28889939
4645773
12356548
4356187
3715676
1838147
7846356
5213801
1724392
7547
3466
1640
643
79
29
41
39
0
0
0
0
0
0
0
0
0
0
0
0
0
0
0
0
0
0
0
0
0
0
0
0
0
0
0
0
0
0
0
0
0
0
0
0
8
37
12
0
0
0
0
0
0
0
0
0
37
11
0
0
0
0
0
0
0
7
59
201
332
4036
36349
77531
393001
527197
3645823
112512086
2514728818
3022079615
2100791324
18636369478
31457907161
53017409235
29154804855
54458027166
36417318862
38717889527
21372787326
38363062817
24326782938
28101779099
32158272814
37053532573
44083865580
42426026801
43251555979
53429283164
53024327754
23942088113
25969992808
8359193489
7152089727
6857186811
14247635350
19130607708
19733615189
6821705737
6979515522
9187288225
14760482485
6729825877
6080004543
6278052351
10508813119
4276534750
2479609249
5674384577
5555807429
2738943423
2516021674
1984099507
996321590
307237976
212525461
166627717
77034426
140374565
293575989
206993110
257394661
319094823
598091427
553349089
580491708
679887630
701807197
102950664
52177943
277228585
7004014648
19630592316
12026780956
7778962246
9205773089
5251672755
8817710119
1429659385
5689338378
8697850978
4911510620
7961485324
2728514524
4867999120
5525335053
4989882988
5831222857
1702694619
2486018528
3459762229
3033343578
1355405347
1285170968
1661600411
766734966
2014724615
1019913222
1262294923
435037756
767008746
1363188604
746472469
1156272210
349407978
726988248
775716230
313083436
734499186
479569854
875546084
297826859
950189974
1191330390
2100335230
2259608405
4356731858
2182652301
3088241678
10074047372
2621232056
4158428107
17837852536
4574481333
11863660057
5884908040
2652803688
11891889215
2604538023
3122088375
10137826682
2045940468
5705396711
2344309116
3199233943
4843668879
1488358259
7355166052
1034127548
5194918679
5415809858
2443439772
8749133898
837307390
5663408776
6656777647
6198742838
9734086942
3568977300
13071348368
1833081662
15064448956
5486212061
10828022413
10218422649
9757642694
14661647851
9293016223
11670359153
11596819499
16176029701
23764215196
15626585869
19900285195
13375824187
17938308495
17427390224
15876003570
12185373948
10332015442
13030754279
8720751714
6332757031
3442674129
3224323569
1537144932
774892436
406881963
563308104
192827369
634925033
273522000
203280783
202899055
27237783
29187154
27162393
76246361
20872219
25063968
7624726
330546729
1446067802
1489033083
2854439521
190057865
40998323
253997359
132910400
268334381
209140586
172162785
201482343
282636655
192338385
138445987
158980844
336022219
121344153
82468935
45207340
64456920
133807874
2160437697
6037545695
11889345871
5242089442
13863463045
8376583347
8695696499
3132923363
4781836871
6781980902
3599281606
4295416047
1159595775
2552710933
3764651181
1168800044
2405092093
598992773
1116017511
1624555430
367235523
1159846542
1309100767
1108437568
231865748
227362884
983252069
329616662
882587721
119434302
36291518
54726679
145986654
41228617
37294580
151947332
136998963
118064999
145526025
134513839
244722090
316860722
912323477
316932746
222835572
182052021
199074670
115581285
152316401
73987731
72111879
368948769
383709985
427328117
5549139369
11750355046
9191933373
3696252519
3893998599
487080463
2190786511
2344533793
2403538230
1166638587
1373638708
1858818244
992517286
1922723793
5889883490
1217649409
1484532195
618472066
281455695
393439145
267191088
289109856
134592829
158694800
181890188
305538878
98900747
182710289
37128988
41807051
126660689
60222902
33648888
140369262
93213137
75224621
29267492
23471404
87391794
95071576
46752919
35641457
27455450
18584097
6643562
2394527
2874483
3294264
4448726
1381495
2925040
1394940
1093402
926383
762614
845303
326789
905107
847855
349097
461566
265251
219402
415983
513953
96063
159845
603712
222003
221026
143585
449238
185479
150580
39423
88990
94594
179188
112026
116032
79196
67862
69372
111025
66986
27903
45911
164385
75630
48914
66863
55433
47261
53054
23210
14970
40503
50371
42913
40893
55207
45200
25701
54614
22944
14573
15737
22274
12277
34993
32407
27956
26515
12422
18580
13364
10881
13773
13846
9720
31665
25005
22822
52553
34778
75141
39325
60906
125161
67644
49124
57632
73130
39507
44307
36543
97343
80412
90727
62008
100756
69777
56372
132688
65593
39086
35772
30573
44566
44672
21631
24454
27092
55658
40479
28154
28731
42767
20853
37794
53919
23050
42543
40726
17297
17327
37111
17849
10479
27775
16208
9276
16767
16863
11368
10700
11978
5443
7489
6057
10287
11457
8331
4032
8623
3162
7000
7777
3213
7582
4436
2893
5593
2218
15444
16693
7126
5059
4667
20730
37162
25354
4910
9712
3369
1750
988
1143
418
335
156
420
173
258
354
557
1815
28414
1012907
1219112
10685735
38727131
160198553
505952483
360911823
532618370
919908313
1165685494
1904459690
1355201479
1076304205
1804634591
1325181996
1912643818
1394755262
1660434303
1198000787
1040333425
1276735316
743249765
645011542
362607168
318601830
2705232696
7938683933
5570129949
11010840967
5064842147
10355751415
2632494922
5147520020
5413387485
3646414819
6323871012
2247818793
4871446739
3394185614
2652597637
5327472772
1444181549
1501280062
2853867797
1142355421
391704146
426811637
210112345
47818464
70951528
206819501
171872632
291182595
298841595
243577440
379226113
362804403
382234501
552522851
446522387
443868029
950394116
506281290
605210449
1376623096
773840999
491584320
459856164
453533193
412996942
278411780
139323238
74949130
42731136
101399008
844970197
3309911116
7866540969
6424235641
7227301675
8892744838
8886159758
5069570988
6978169417
4759685325
8449041578
7089641119
7311508533
5486607064
9407893819
6954776038
7108884571
14052231819
7800214843
9223758971
5711038085
6169836757
3073097425
1028213637
169513072
396516807
320043071
234499401
172021637
190396413
67896620
81614802
78033335
57606469
99044249
190846308
71303265
4405847201
3860244843
3382469010
3135577025
10407317357
4412993138
7402807184
4544901798
6742073475
7663020024
5514933938
2763168466
2776975933
3655346081
3662063967
3818688988
2192678406
1554693074
1495238961
1520167083
1851108666
1457489218
842948119
1343064594
1150500836
1175023040
781136934
317576650
425060660
521907242
282463899
162752662
11136583
9199088
11357140
2032831
8861834
6909307
1941195
596749
170028886
235542262
604282296
516943815
140690246
401399233
50364564
542648755
423595054
177763885
158443613
60501095
306000429
94189547
67286006
75453505
47652175
51989260
56193767
111790618
524298317
5468581899
4183182488
6130951334
3668502053
5526850666
2074311879
2317511526
4726061005
1171018280
1591738275
3118072822
779581639
2603811011
516970655
1022905347
2224488493
877042749
1735224767
1066241958
1679424228
2393703976
1443843537
2982087434
1497491686
2364950584
1559400627
2069524373
4951725148
2220339521
4369614333
3645939392
4864700883
4521155422
4005550643
2524278778
860607508
446476596
292364877
139781199
151421488
157454720
328415989
136130984
208492157
112107275
133156224
103630385
127948518
87972026
56853582
74888915
74507279
38727842
62947331
110326060
236663625
547411945
4784174901
6047196611
7233689842
2342604657
3254005896
2358238667
1460459158
1336891067
1200800455
377756067
418851731
620504028
1169647440
642653906
328589485
281815160
279741777
156358037
170487072
109678857
75860122
40635081
130616323
53334687
14160985
16984662
4415893
21124246
14916677
1857306
287726
3086979
317204433
304457550
278671084
321217933
229966586
240801677
252855645
659592564
326884191
196052446
118905117
88152784
55427852
54830106
1596725727
4064368212
7703220659
2838426751
6070429075
3374944210
4324723491
3320265823
1881276279
3180010580
1208737587
864401030
2723653099
1175091368
560557897
1532592718
840172969
753388649
530265738
293068174
208242536
76326102
71566276
127445962
76667520
58028349
69001000
143778133
94538157
232761379
322135139
921468988
1338292493
1694414882
1174574946
2691350721
596910281
2403111600
1006159083
1607546227
2664061327
443721362
2021022474
1500942002
832119595
1975878548
182498770
1101336324
1702156661
188971467
963935964
1539888681
180328895
1144337152
2216757539
251261710
1332889755
2091120329
335616041
1171955312
2041403962
271172421
825966578
1286442469
640423016
167542135
109640758
203862121
120143400
28107754
26380237
50768214
26713241
3652745
17214736
16920890
7313408
3079029
10142158
7595176
3447573
582629
2031701
2452569
802000
4429476
363234
550080
563499
949756
289078
1071481
436445
306711
214194
362287
80793
263372
164677
41056
195551
17899
175248
61460
106483
40357
74070
107368
93838
83740
81560
133389
90700
78841
314200
196297
94069
96600
35488
168730
119883
212342
116831
198469
73617
40598
68362
34010
36760
66626
32981
24224
40541
18867
92735
20131
21771
59471
23488
28406
21194
41178
7205
24853
12459
49371
17736
16981
36166
27578
45275
20437
21819
20487
13075
8667
6327
43379
17921
29194
11574
9571
13854
12123
4301
13945
10317
6695
7830
10642
7319
7930
10923
10346
8997
5154
14200
13868
12592
18390
3456
5005
4334
8370
2328
4901
3457
4897
13664
6934
4990
4881
2851
2783
1987
1187
374
626
539
3081
2518
243
891
1411
1121
824
1452
3743
1592
4411
4222
2599
3527
5061
2072
2126
1107
797
606
464
1920
951
517
617
147
361
340
229
206
103
48
78
206
224
118
85
37
19
0
0
0
14
0
0
0
0
0
0
0
0
0
0
0
0
0
0
0
0
0
0
0
0
0
0
0
0
0
0
0
0
0
0
0
0
0
0
0
0
0
0
0
0
4
71
226
6081
119402
274679
420399
950419
6058873
50151038
90020263
1036221248
7105914928
13775578638
5682684496
13929233811
6050158382
20957782508
5706050451
8581026245
15888641665
10094334862
15885758711
8348739539
10362134580
3164704747
9777750250
4750495270
5276431396
6726611366
2194003060
6788805476
3499507208
3313078154
5475496312
1135381947
3644970465
4201523254
2408544286
5557532546
1095027195
3005218319
4054291603
2172035671
3340856470
3587070353
3272790355
5084909117
2219165177
3436239223
5397725293
3822003973
5758248536
2886265705
3929555631
2118422030
1192675293
988577053
432579926
74578823
2031726
18059271
49314433
16602212
2254520
22259021
35599384
55122555
33528132
28855820
38614879
4242506270
2753020384
1542395153
11675361537
16867455667
42671443875
19900040681
45641603304
20836933417
61673824412
20230242321
50520356053
15001379610
48875676919
18466165027
42722792087
19800593833
40911287008
20105990027
42067470557
19492396285
38605388103
18628412965
35485985612
17279904085
35138089274
13689268164
31543798034
9563851521
25126867029
14249983250
15266944930
19191864652
12162725236
19167721736
10809273021
17868803705
9468006401
16845814124
9619287723
15799839450
9358649633
13923229217
6177167890
7804517781
2872615076
3081866181
1666428175
1587008561
1745096114
1735542946
3705546811
4556801837
7164860918
13981464897
9259405099
21412931434
7044891467
19685369351
6015343086
12888054068
3661138362
15445512830
5500172255
22240321952
7472194971
23779904981
7543846503
23334278144
7800482446
21406155080
7904268076
18098433620
7802374074
15696971512
7724736717
13340454215
7443542107
11745418397
6440359494
10075872912
4949526667
8523112030
5185168067
4764158095
1133936403
229803899
87292557
33284956
130853200
24840808
16281312
14744711
9492391
11390030
45590959
12765043802
18764681606
17306056259
29377437734
16107929019
10252073629
5839091794
10934891689
7352920414
7831288932
3604832339
3512651305
4856160961
5092584075
3464082645
1973723132
1457074736
1427995295
2433620085
1185356568
1132875758
1284176131
575442851
657750327
911107777
1081189115
861952041
512939861
199318148
571231879
702157904
344201954
355857027
669553981
851444965
818337257
604792961
397295341
206608036
215408113
3357537013
691191443
838676905
430421489
101120119
5125421
19234717
2172737
479533
7375072
2091459
500034
117620
274049
334241
3582557
6783125
9493825
322375259
2402906134
2927964632
6933420935
10602325746
9456618576
5306436684
6802595969
9234122895
2947297186
7420411383
2606387087
4539771309
5988745941
2627681087
5220769821
2688383706
2939046472
4389435833
717908031
1719923266
3899400320
884574013
1513371089
3289368484
992129336
2845812010
622140012
1370647001
2249468518
150970235
1130178724
2186419045
592892109
847648481
2036833651
774365200
1177867885
1417737174
855991813
1431875555
850935469
1439822630
2113164036
378416043
954681963
1614789764
1051270072
1565558655
227259913
1027324644
1112757914
871004151
406840024
703297064
253732266
147011126
90251651
105090249
107291701
70542127
27268973
11850627
11547809
14377841
2630524
4353582
4454480
2543512
1508516
2175876
468816
903135
331001
637
495
48
108
0
0
0
0
0
0
0
0
0
0
0
0
0
0
0
0
0
0
0
0
0
0
0
0
0
0
0
0
0
0
0
0
0
0
0
0
0
0
0
0
0
0
0
0
0
0
0
0
0
0
0
4
93
112
176
2911
117940
26659
50597
80160
56947
394841
197223
89830
26368
131427
47734
18637
41760
76210
210038
975640
2356921
7070794
42340474
911848145
2492107881
4294948285
1426781484
7390767166
6066246040
12917867437
5598048843
15774787721
5927756431
12757361580
12351165247
8705322761
12307360170
6199868625
13186220930
3291415866
16516452669
2156371483
12159797566
7806720967
8204326142
15475753140
8343977873
15396210196
8003543063
17556796403
6881235650
16919282768
5713184846
16023400332
5809538331
15430289515
5739133717
14039023289
6362828791
14433981805
6393151203
13971661692
13079620712
6732571414
13629139584
6814168931
13163981573
14007993278
13737257858
15828078989
11186135471
18971940523
17070295190
12722638864
20457119984
17720071496
14745024271
21362647616
16157520959
17309844203
21073769119
14548974975
20166945454
16492437196
12444409339
15156558857
9731001593
6022902494
4618619064
2400441986
1274149595
1635375603
1277137966
1461053278
1380828568
1397229307
1593379634
1467358467
1068186153
1342385196
1056827211
1176810131
1828604065
2187301805
2349405686
2997074093
2078777982
2679808045
2057549578
2161536274
1067076951
546410677
569974972
482303324
274306293
241901338
178324438
102283620
101638158
600100423
4390032797
15802764492
15068524522
19205482859
23065444201
28420046098
17561771833
27351938471
36284673922
12554760152
17577282980
7811583341
10587726853
10181536612
5053723341
7199380994
6370207364
7653464903
8868179719
7537990228
7326758042
3353693394
4284593354
2873089571
4275986267
5713124184
3346663091
4240736491
3125618922
4771501854
4083087175
2155498861
3077866509
2742535749
2940316998
2462426166
1386837719
945138635
200597173
79025758
71622805
41059363
52690640
40354941
27100800
31244359
6922108
14232798
7957610
10054779
7832080
21057590405
11905188209
13980599125
14182000440
23080169893
21019754678
22517518926
28922825224
21735578673
13466597282
9431490160
4612021354
392054999
1346369903
2258966202
1726419705
1378435309
1393355813
960603401
1118133391
933004561
565837933
291396998
947711688
401858217
398715427
193394468
234520724
457692848
468907500
431024093
237047538
320309709
221877899
184177191
369390295
288304436
185308016
113647888
60683275
117635202
660972555
782998559
969971786
158305431
15968172
10587185
3569248
6126531
7784257
2844411
2744720
288495
742824
495310
149273786
716770785
1108704117
1265081880
1122350756
1139488075
860933390
710550170
453200079
286246095
391026495
299366900
2556100843
3553255463
8952620386
1961653916
8600701869
3113891491
5568107951
6920030448
1840103642
4351352159
499847326
2883723725
1981988247
1381125590
3830587762
859412375
917213892
552639878
2365896705
905200276
2650440230
542683916
149316218
372875302
100905495
968328598
1779753760
439595112
177748146
305203085
470768502
108632702
34607316
64946357
67857624
64559412
100195397
99950178
502584389
1387579599
127425442
44054769
9943437
2591441
10147274
106946663
30054004
15848813
46798482
10514358
6716276
6351314
2396138
4102802
2012596
2147323
2882839
1078200
399064
6997
375
11
0
0
0
0
0
0
0
0
0
0
0
0
0
0
0
0
0
0
0
0
0
0
0
0
0
0
0
0
0
0
0
0
0
0
0
0
0
0
0
0
0
0
0
0
0
0
0
0
0
0
0
0
0
0
0
0
0
0
0
0
0
0
0
0
0
0
0
0
0
0
0
0
17
67
113
117071
42953
54845
60542
475615
12393880
190142163
296678691
547690657
70580812
96295168
90711786
101236122
198428649
139912591
105357842
113241917
115495562
63012226
78710435
121762337
77926564
72185982
88672444
61856168
24820274
40886341
738089191
4261787806
2511089092
6829726411
3032354807
8745991697
4163509938
11666088960
5604109972
11443297259
6095058160
8321229688
6462658364
2779143342
9391360383
3562359054
9001858564
2302717191
7378233531
3242219283
2874599953
5053468374
2032917910
5809810732
1674761131
2482467494
5093864575
1939945007
5803650052
1730707147
6376251771
1747526984
4590605861
7273864554
4042222551
9600877780
5252343174
11929491233
6206808360
12684042950
6074988209
13229630605
4061709096
8041647919
5117639080
2467749674
1708034357
991293508
694414443
525545182
751009912
1067324601
694542004
710173994
685698532
410527440
556700662
466042508
489554268
644437582
443079659
144242895
156433542
146096858
56037139
138787263
3159859147
7852547778
11699107273
3214390117
2975258863
6674661880
2997578374
6972214066
3015652540
4131519579
5651318184
2775778984
7756711061
1052416899
3753439020
5915008358
3544000740
8076841484
1964648657
8910241417
1008907236
4289213958
8321303866
4836331787
11123971849
2704451358
14750261148
827064354
12771728804
5427662186
7701192038
11018525958
6470231578
11216247181
6238053289
11567778567
5708332619
11368087345
5178138738
11616186159
5399522927
11785562046
5420493857
11898928247
5879817995
10833408585
8934841818
7272029115
12435959326
3916556740
8777290759
2776209099
4699212264
682868126
787229577
220432646
75487577
5713537
6017858
18837248
15575779
21064315
19893536
26351524
7195143412
2481627948
21813824319
18197243715
18683209258
24784419709
19456659615
19480450723
23412197171
8300093252
6961972527
2696724262
6496507678
8870844774
7754689541
3672704146
3892324896
6122044429
2757110184
5911852711
1636990576
2559976978
2343548145
2786761716
2711686702
1009015390
2286795843
652309039
473920547
910646173
1223524616
1818654898
567989446
1682408398
928383512
336234167
302560404
296976822
226550554
191007498
133464293
33161351
74606887
102916143
203065329
313049457
202164409
251599922
334385539
408894957
875853645
852602237
609301306
965090861
1214214165
482696134
730389276
592252844
281427120
178289228
238066085
224016066
163029550
115389842
109449347
26062746
31745894
1583043027
4953232417
7394023323
1995076280
2347486130
5557388696
1858136173
3992413162
1475592254
4917658460
1390814477
2378837799
5447805575
977326552
4267973432
1461553893
1705634110
3432645472
598204207
3119768712
3108311239
1512872269
4099923202
343911910
1782358741
3182927264
1106022928
2145736179
1458911020
1789524245
2824138557
820251118
2161939132
3128504579
2595200675
3718218713
1932164422
2687266658
2733340332
2996478883
5322913029
4277883949
6527532327
3885259958
7576102338
3391983845
8451822298
2745135365
6873350528
4229458734
6601138454
5550684447
6291033273
4967730039
5177677746
5356659939
6774831039
4450563258
6558867541
3603035426
5927327576
3199679106
5419564198
3290688098
4202656935
2379642436
1691244080
779952739
532968471
267726022
113491464
5610679
12710397
20087778
6714589
651947
2165
636
58
0
0
0
0
0
0
0
0
0
0
0
0
0
0
0
0
0
0
0
0
0
0
0
0
0
0
0
0
0
0
0
0
0
0
0
0
0
0
0
0
0
0
0
0
0
0
0
0
0
0
0
0
0
0
0
0
0
0
0
0
0
0
0
110
514
6988
7569254
473470219
9912586453
6274077809
24173350760
44576360264
24235081539
36314043272
34688180699
21456461641
25919055669
12573190120
26855485623
18872012749
20610231688
29297586459
23879868671
35830971501
38807855771
25851451747
38070691508
34223786168
24795772819
37855003973
33170477418
23387551189
24627856114
17176658954
6413134103
1482229807
2564782350
6751662580
8528145053
5125336943
1899306836
377175630
3926535632
3878666676
3505355588
803974159
3095119320
4727037669
3837385334
3074546657
2111114755
3747280905
1334833538
1537480270
2721603151
800528815
739507061
744302272
524015031
224173357
90034946
53956770
68038243
9847699
8416246
44231033
98707873
1099861289
977425797
1319334251
798767514
294803661
433799605
481827696
383385458
135382514
67827391
59457038
109929568
48820422
152077820
502669379
149002290
130445132
340076289
757620140
236982498
641900865
422514462
329402261
452960520
6519619566
13219988416
4764588972
4236155214
7905191343
6311323196
9864471638
3198140980
8910052141
2385270128
3345108395
6109022110
3415410116
6756830550
1203326541
4202942159
4509685138
3109500879
5575882949
3056298492
3772306009
3296066368
2085831179
3482518472
2222665935
502573164
1363987946
1411103200
3552898948
959413579
4448263295
2974639337
3765897579
2591841847
1548110060
5259817062
2240770211
2982133404
3285420704
4000203029
2941531648
1951944257
2963731969
2100291057
2136287275
1910495043
1218049321
1081820384
466993886
167171824
91600095
67632093
21933164
15686973
8494592
8856137
3707724
934955
1863737
2646377
2003887
852665
329515
1028932
48590
206081
154377
108676
3989
99
4
0
0
0
0
0
0
0
0
0
0
0
0
0
0
0
0
0
0
0
0
0
0
0
0
5
139
10100
194425
794913
1007591
1149407
991729
2193314
5472819
7788799
12113513
18803170
30041337
41683685
89852671
121905479
116653562
209327342
217291340
304832308
420476867
455167774
299039781
306607189
499208529
546826950
1044931075
834683901
618128513
693572060
652045865
796417938
709884691
625425608
784394862
514480979
671629732
479296861
473214766
284220316
225607451
105249863
56436365
492027079
3420359430
6404061300
11082430461
12249407271
12037716029
8551286759
7971601965
9085795622
11858488611
8496637888
8658218116
15990592049
8617812721
12475170208
6958179163
9629530212
2419577464
2489816577
1119250557
2617523279
2212031727
2934741410
169726277
994265002
750375571
360604150
158311720
105554568
100841505
15206896
45653586
26382819
20317309
15658897
10234396
19991516
24516035
7104531
17392648
33199427
6484356
2395630821
10322198168
11534692687
5063848966
13446510985
6006883664
6823500096
5116746538
9513461726
4654661166
4039575802
3511078137
3600222300
6012458506
1678278370
2209789420
927520310
842401346
591159747
1084209154
956692215
143495788
353357168
168341256
60365688
218410172
103858387
213064442
119590799
63357872
1385258750
297626552
409888726
105820064
60376020
13842598
24197008
7361048
331930
267265
1062086
16856605
24673186
759671254
656605505
1458350931
35803312
71615309
335956880
314463910
332075838
235536985
238760968
88697873
88132567
75488196
84017981
1234162206
2375010146
5162539954
3290890390
6085339735
1628770150
5047989797
3738202444
1808393055
4405174640
1692323175
1736268897
3376475993
733313939
1057352583
3028150149
706761606
1113611295
2563487214
590603434
834469969
1632928375
357272554
1077849183
972978881
620398394
1065366236
424617188
780239787
759362965
863270292
385370003
492418358
420602661
125388602
173128002
303244502
649563018
158479184
69309388
91909540
175831527
160060136
462737930
871400054
736695123
590683219
1058412663
252655459
781237625
403462060
287668405
211763781
103981215
104696073
19071429
108451199
3495597324
7193442960
11571860243
4512324042
7030210198
7403801070
2153848866
3304064923
1796883268
1099257598
827247582
381931217
864456177
817056370
562241233
326250353
543676852
713531213
278083738
467096408
696983819
308238303
77300185
43071454
16521267
15694081
21640739
120745607
75640137
55343763
17862640
34494784
6374396
5613133
6980120
6715356
4293210
2148503
821225
1710762
1363418
1616332
228006
450
59
36
0
0
0
0
0
0
0
0
0
0
0
0
0
0
0
0
0
0
0
0
0
0
0
0
0
0
0
0
0
0
0
0
0
4
42
179
13084
39929
22628
31989
29417
39209
23053
34067
46469
90365
90163
185589
88138
65522
63985
39896
17632
28288
24533
33367
61116
39270
53637
33572
13790
18919
12896
32522
35861
64943
9974
20132
21697
9734
8849
7310
10248
18058
28825
14612
21192
13170
7766
7205
6035
6933
6668
10196
10660
9669
5895
4047
4206
6327
3226
3299
3024
3902
5044
4923
2754
1962
4421
2080
4858
2539
3154
4087
2513
2456
1280
2449
2020
1866
1431
2426
2563
2394
2110
749
1032
1540
1136
976
1826
1883
1677
1170
1041
666
715
847
772
1051
924
513
733
426
598
393
498
677
623
656
845
461
192
262
409
304
345
49
1
0
0
0
0
